334.445 344.445 -4.774999999999999 -0.9549999999999983
0.04 9.12 1
4
5.15 2.12 5.699999999201432 -10.249999999999998 34.75 6.283185307179586 -104 2005.8999999993398 18.0

3.84 1.82 154.39999999915335 -10.249999999999998 34.250000000000114 6.283185307179586 -104 2154.5999999992046 18.0
-1
4.95 1.92 80.89999999915429 -2.865 40.249999999999986 6.283185307179586 -102 2081.0999999992714 18.0
-1
4.75 1.82 23.999999999180595 -6.554999999999998 34.49999999999997 6.283185307179586 -103 2024.1999999993232 18.0
-1
