149.285 159.285 2.285 6.125
0.04 7.0 -1
8
4.75 2.02 407.70000000094944 4.205 39.98 3.141592653589793 102 1592.4999999997158 18.0

4.85 2.22 172.80000000122982 8.165 28.249999999999886 3.141592653589793 103 1827.3999999995021 18.0
1
4.65 1.92 166.10000000123785 4.205 32.499999999999574 3.141592653589793 102 1834.099999999496 18.0
1
4.04 1.82 326.3000000010466 8.165 24.00000000000091 3.141592653589793 103 1673.8999999996418 18.0
1
7.07 2.53 356.6000000010104 8.165 31.499999999999773 3.141592653589793 103 1643.5999999996693 18.0
1
5.15 2.22 401.90000000095637 8.165 29.50000000000017 3.141592653589793 103 1598.2999999997105 18.0
1
4.55 2.12 437.10000000091435 8.165 31.279999999999575 3.141592653589793 103 1563.0999999997425 18.0
1
4.65 2.12 606.6000000007389 4.205 34.01000000000067 3.141592653589793 102 1393.5999999998967 18.0
1
