244.41 254.41 -4.619999999999999 -2.619999999999999
0.04 7.44 1
7
5.36 2.02 9.299999999197336 -4.264999999999999 31.31 6.283185307179586 -102 2009.4999999993365 18.0

4.24 1.92 105.79999999915455 -8.109999999999998 31.7499999999999 6.283185307179586 -103 2105.9999999992488 18.0
-1
16.67 2.5 67.2999999991541 -8.109999999999998 23.000000000000043 6.283185307179586 -103 2067.499999999284 18.0
-1
5.05 2.02 76.39999999915413 -4.264999999999999 35.99999999999994 6.283185307179586 -102 2076.5999999992755 18.0
-1
5.46 2.22 38.39999999916429 -4.264999999999999 31.00000000000005 6.283185307179586 -102 2038.59999999931 18.0
-1
11.52 2.5 23.999999999180595 -8.109999999999998 21.250000000000036 6.283185307179586 -103 2024.1999999993232 18.0
-1
4.04 1.82 -10.500000000780151 -4.264999999999999 31.490000000000016 6.283185307179586 -102 1989.6999999993545 18.0
-1
