268.58500000000004 278.58500000000004 3.6700000000000017 5.670000000000002
0.04 5.0 1
5
4.85 2.02 408.900000000948 8.100000000000001 24.93 3.141592653589793 103 1591.2999999997169 18.0

16.67 2.5 332.30000000103945 8.100000000000001 23.000000000000398 3.141592653589793 103 1667.8999999996472 18.0
1
2.93 1.82 327.5000000010452 4.260000000000001 32.99999999999983 3.141592653589793 102 1672.6999999996428 18.0
1
8.08 2.5 386.0000000009753 8.100000000000001 23.000000000000398 3.141592653589793 103 1614.199999999696 18.0
1
4.35 1.82 407.5000000009497 4.260000000000001 31.000000000000227 3.141592653589793 102 1592.6999999997156 18.0
1
